12
4,1,2,2,1,2,2,1,3,4,5,3
0,5,11,18,4,0,15,0,9,16,0,0
5,0,2,5,19,17,0,9,0,20,0,17
11,2,0,0,6,0,9,14,19,20,0,0
18,5,0,0,13,19,9,4,19,19,0,0
4,19,6,13,0,6,15,8,0,11,9,0
0,17,0,19,6,0,9,0,12,7,13,5
15,0,9,9,15,9,0,6,16,5,14,0
0,9,14,4,8,0,6,0,12,0,13,11
9,0,19,19,0,12,16,12,0,4,12,8
16,20,20,19,11,7,5,0,4,0,19,10
0,0,0,0,9,13,14,13,12,19,0,1
0,17,0,0,0,5,0,11,8,10,1,0

